0.811674243534789
0.7016106396629113
0.49588714108411724
0.1370349218661201
0.9162022496304323
0.3122096151750995
0.6056437020870721
0.962329616721148
0.08206196241952801
0.7134643540937304
0.472981757669686
0.4640156641061488
0.12243868996985974
0.8604022483350173
0.1551736349882975
0.7246577957678123
0.23466573599310658
0.15567809544393463
0.4394159434624313
0.3621293902271303
0.36011979531664096
0.2585751848121566
0.01799114892727538
0.02285622728519232
0.8662458050454579
0.3684563773815168
0.07297615649814226
0.3174210635351584
0.12032141139891217
0.9949028599948676
0.8835651900426846
0.023754937137332566
0.181798745334239
0.7355671982211932
0.9919265203645461
0.7825550688445552
0.2785365152514181
0.12280640921202213
0.6676133333693121
0.4402334071158589
0.9519635142008173
0.17144943289512682
0.8959017453829813
0.6566135230694328
0.7571897800403156
0.8625934582243601
0.8820290013612399
0.38775843943727617
0.18630886160358417
0.43211138069442945
0.11115805931862344
0.37872508146008943
0.046611786378678244
0.99759248962856
0.3329950210487471
0.8567056897609019
0.8701582496888629
0.7537275372393617
0.45033823679149243
0.20193069420058163
0.05712900376386931
0.6936880284801492
0.1824392755876757
0.4918710198326173
0.3626087118670248
0.5728389492279022
0.5469070587043471
0.4636924141812403
0.024925460876986882
0.621163117684084
0.6579890143480073
0.6205782865209097
0.3033998476681471
0.3320641831677069
0.07441344732189004
0.9194514051886659
0.44433298088418627
0.5077550507876339
0.9465799274776897
0.7207892787661346
0.12628907887102148
0.6252264529056422
0.510735496558678
0.4556415717019373
0.24920560990744156
0.5018307209656896
0.056876124405365935
0.770622575671659
0.5265894451362324
0.18580373599423605
0.3574646654619025
0.7485651309009245
0.7160350030458437
0.9745879487139039
0.6856576214069439
0.1706872682258177
0.4805264595178881
0.4726078781946512
0.9745853767981792
0.6855360339853753
0.8114625972806703
0.6401888862694609
0.37333115732469346
0.18063783359560337
0.6640698475993031
0.8565988530538455
0.44060631108225234
0.614697907587958
0.9568450897761669
0.12273170481269202
0.4837208904097464
0.06135649936179288
0.3688967576824451
0.662740526032816
0.09829954109920169
0.7399223851270236
0.4325293563830792
0.3489671467570723
0.793295190257456
0.3641693046800457
0.26314252654676307
0.5708043508939125
0.6962038494121281
0.22719438712356355
0.8944932170981661
0.3956656648930762
0.7249855786175925
0.05850203927548314
0.5945952827334043
0.12902680393173094
0.28604854527025425
0.8388904363949635
0.7260079225164127
0.6705419765625885
0.5117542640168308
0.4393824535198003
0.6839906432337943
0.3845273041305407
0.28625380303445236
0.16235620207157642
0.19697913310762238
0.5556427173764431
0.82506652514118
0.0061948981466766195
0.8060628823961314
0.8843924769868183
0.37166402479965255
0.7491897383283304
0.6536221833977216
0.8921039853988846
0.6534240675408473
0.7540935260842161
0.8060084340480004
0.5513332642106836
0.09967027168288078
0.7316364702163618
0.21112820172077784
0.9351845869713954
0.4661155713522842
0.5694806545444396
0.0490185303317513
0.18782102761745367
0.43287815469767577
0.732502236024695
0.6719770042819359
0.6584814547247163
0.947341053788805
0.6709561590782384
0.5505367413932983
0.6126088290481438
0.5684774308493078
0.13499068442612028
0.6425535204617897
0.5362334885357606
0.8358656754986579
0.2871443710759396
0.3848979884529877
0.6835443550050979
0.7344693898977439
0.028871224078582225
0.07072337752974867
0.1826199994056038
0.6553598008064576
0.012804626093378624
0.7200049657625426
0.7105804666759011
0.8629085083907817
0.3993837866833274
0.6770244240486579
0.47695999956467094
0.3705813209164668
0.5346317482191115
0.07569873024124951
0.012889747174208543
0.3003144489637155
0.37528662352286457
0.0021300660073936273
0.053718645441172
0.25455647639892875
0.6681529084353052
0.653479029216945
0.6239895109583826
0.965410814452732
0.6024534784363732
0.04324102360033655
0.2862271140518108
0.5019153594012963
0.8971265386909123
0.835231266625997
0.3987829841549001
0.614346652862012
0.05942632000271175
0.7020613305363806
0.14302198848282033
0.3735387118851652
0.856850343136696
0.19861584946119493
0.026423560331674034
0.1235572344904442
0.8813298194264662
0.5170152359504471
0.545710678889508
0.9076717756476659
0.4527840509878074
0.6467765540514215
0.7029078031953522
0.950420283522444
0.008553958062868627
0.40236100216351045
0.10726873861552744
0.48266171357057364
0.5558933191641316
0.5000238402265359
0.4673039144932206
0.18186374580452602
0.7266110181322523
0.36685789328566043
0.3796759371361872
0.7664749762540795
0.4661212412873902
0.6471496709949532
0.4555215248582879
0.8310815209812837
0.41357291587677636
0.4346427278878161
0.9897964353369518
0.8381504703768098
0.5853933421939925
0.10402980304025344
0.575529414119471
0.29251338227345824
0.0614956000966661
0.2409720746697781
0.2924104240203448
0.5163452084128414
0.9915627157083005
0.577169919399791
0.3579270560683613
0.11524528110374777
0.3882363784611542
0.02548648670197784
0.4193023997890558
0.18012839290484683
0.8547012220882027
0.8798520092158926
0.985776556951589
0.5049862822047831
0.6060706337610469
0.9956528904215121
0.8533131039223358
0.6171802647468297
0.8871431868208243
0.29853691143719685
0.7576009944389711
0.21477851267943715
0.16351394896029392
0.2830414877069197
0.9062610210997983
0.6845520933586788
0.2686877183459453
0.257179568921757
0.48745565928123913
0.7345961247787316
0.026756349082646347
0.965093339366352
0.7296396663775876
0.8171433625345175
0.7383660789343724
0.8771130960839734
0.5959780946488211
0.9399897825273797
0.3171142690088462
0.8750350256164965
0.7369972054715448
0.6690525074953366
0.7941801592436125
0.2801579755689787
0.8963235322230209
0.6099327390174555
0.3709070520779818
0.17259641032587503
0.566904197168076
0.4229574133900801
0.19221842372286724
0.7326125243494471
0.32889188080139176
0.47402491764267685
0.5381639685480636
0.8981879269516181
0.9654161742807084
0.552682097830895
0.18655559345653316
0.977781041585996
0.14875224809045795
0.69921098213741
0.2865680447193899
0.9831935843066882
0.21693697863290629
0.07410540772710683
0.2013420834409414
0.35469572649208814
0.31967168043880223
0.9761690545620411
0.4270428929414375
0.4390359685256249
0.002389350418300462
0.5695685180820805
0.8764899600724178
0.5506888455998293
0.11865409373309221
0.6155258500319839
0.5273890642748427
0.697669431915202
0.8135986799683169
0.52093710027043
0.6783609962571449
0.08547099179840822
0.20489568532929425
0.31405490968371286
0.8303755999391466
0.32615775250865153
0.30279668304868124
0.7364744482708383
0.5168636718772927
0.8743722349165389
0.6570630461108058
0.5010138869396046
0.2426938323090938
0.5879925518673923
0.19615064694446616
0.9066820189678159
0.06036494289305838
0.4684018497584628
0.7328004339091074
0.4247772481900114
0.21117895512796425
0.5738086580913686
0.6502250904115412
0.5742635036343087
0.6898233362424404
0.8187833692108025
0.35437213680602464
0.38992075273628357
0.5527059443141518
0.8741527090325204
0.18028155180931993
0.0533685663335155
0.2835493949840605
0.6636207600885367
0.5743464546084251
0.8049136335289075
0.5541662058462351
0.016961175221906766
0.5393232218327926
0.08327273143027569
0.27399981477802415
0.8843524618868059
0.5252273834766336
0.9505751788206039
0.9089308242976004
0.14240423906603683
0.17679024691744916
0.2516495186974843
0.6680116463274216
0.42964906375507705
0.6069402563259075
0.629451479806361
0.30620710888082636
0.6377514192502877
0.15581241228449916
0.4725910772398977
0.971882465291201
0.6544110990900566
0.9160777890607069
0.10626903691966538
0.7396941839130193
0.7049157270822488
0.6579248742378015
0.05453367749110649
0.21270321956714688
0.17152327695626146
0.1708124201826503
0.9996212208249057
0.851944402518698
0.0833319382390707
0.45415391145023143
0.14324420074733035
0.49734963310395175
0.5640213093556751
0.635381624799889
0.0350437666851483
0.880836472042445
0.4008258933115262
0.9713782083887046
0.5750238588339419
0.8005385110626638
0.555327497093202
0.7980520682270519
0.8196359012422898
0.024566570799026244
0.8751306564780216
0.8328724543510719
0.42528555903985543
0.9233554587858521
0.4852114195238655
0.8064690343343291
0.048382931111497385
0.2915638736244164
0.3387058124019162
0.0019393151564874866
0.7876609755523347
0.813659696293096
0.18913212189646034
0.9142974781225908
0.8023368843763624
0.15173668389904527
0.8095163490835765
0.9075359127619511
0.5687937201756131
0.6897729054442365
0.6286177059953473
0.44306072790117157
0.8488111605465453
0.5554552095270938
0.08042722049600792
0.18080135413436804
0.33397466611530036
0.6588578138407373
0.8703388891584578
0.013083149292317242
0.10374578841492021
0.13667767973205347
0.049869924976782665
0.8813912732874719
0.4887759740741616
0.7713930130223366
0.2615326087365487
0.04744317641853424
0.6663992245242565
0.6666254154692841
0.7664372453591711
0.3425257564496019
0.3318397775836951
0.7031502440205631
0.8994320061037766
0.8028428064299985
0.08652292670199269
0.07441384088842717
0.4100624197599674
0.013656949547804387
0.7639780246630292
0.5060803721548122
0.7423590237468235
0.4312997764637534
0.7741754474864286
0.6010450262946679
0.6824392689865294
0.9296625168085758
0.6887394401801478
0.11951427668197534
0.960135718574646
0.8265689289737833
0.7123315740977334
0.9031684296667375
0.3293389459834958
0.6854712124078137
0.3896001730621884
0.5830849442405466
0.3714708900545286
0.2591985151371159
0.8824433417334803
0.17301600087535451
0.7674801834589856
0.0450268457290014
0.4189341895873697
0.14277704385426093
0.06597791024967614
0.05412836695813328
0.06310890132752445
0.5909176972618077
0.038608936078744494
0.5634969096127739
0.783919596925684
0.6915100861716736
0.5584801084948654
0.8147356356221812
0.9120054799560668
0.6768039248976672
0.563443660068691
0.8516320254970197
0.4645374275474865
0.2356616607735742
0.07326018638125886
0.9472343636189838
0.4912428844162975
0.35710106594403523
0.4181427152101934
0.3611825269847323
0.5488188675014436
0.32893674246593374
0.8059095165980017
0.48933578773042863
0.6462935551934623
0.8134261817482283
0.10594988619937351
0.8202785220032784
0.5204971835094878
0.6649895976431827
0.2604340173685392
0.49707457497020335
0.8986555840888454
0.4294875661863655
0.04667435189257163
0.697679375112688
0.48422084597030335
0.270204095375003
0.009272374072892609
0.49370831325294506
0.7624048591867029
0.4025966800962081
0.2566614942900438
0.3247993152050812
0.36348387185099207
0.9880393342810417
0.47388329234324766
0.7345956451448958
0.6447926535750905
0.8361985957941415
0.9419105703062202
0.5544150430976136
0.3564296535904441
0.19634615887873264
0.5735578149944154
0.2919598076801827
0.7410448587515283
0.3798264899712275
0.9769956754314975
0.08496160467679847
0.18468467797367516
0.9490612604017941
0.34011293259110376
0.21344374890567785
0.583519097172053
0.732886829674476
0.4924461042902827
0.82932320130871
0.9203780956268482
0.9836849647658126
0.846122825487363
0.2583628316299166
0.15537604153447482
0.5786811845490387
0.04324254465084032
0.9570245251700945
0.42650388036836984
0.2859488289837757
0.044343959689563395
0.9655616303151553
0.7289211976061318
0.7650714367073409
0.08108520244107997
0.4887295221828918
0.6957811441850065
0.1530797075015068
0.3659902477183975
0.05678104765488534
0.8387731280096662
0.7981939265200857
0.7030899888520333
0.5719533713728666
0.6231695780364106
0.9470658956658032
0.17551463838229864
0.42944172778466305
0.05001488786718167
0.9656295068608213
0.8995694556790221
0.8168940543436342
0.9971957407191935
0.9793323321702002
0.4295531603732501
0.24275049185746977
0.43148435914366035
0.6554351856600356
0.7735542896073024
0.32128995188728904
0.7452466519038728
0.21823043043825474
0.13768798476305466
0.851035541963465
0.8943601726336123
0.6874438748150548
0.4547117759207048
0.2632094763444722
0.7179869703693788
0.7607492898212748
0.47268547915697556
0.5882171069712823
0.8061991801033181
0.7232385288087372
0.6803175266277922
0.19067910967986268
0.5480558931734791
0.25985434085812764
0.6278655578124952
0.6573194178317628
0.5405819047623169
0.07120687070827403
0.2659366972195436
0.3870560272492781
0.36820021324600016
0.74885952727354
0.7692587996690041
0.6289305741625664
0.8725221039398547
0.45308272812676587
0.9384708603932123
0.9410516995761159
0.42399949977985063
0.5542396675583907
0.6802072586165567
0.3025163759190691
0.37979677528239597
0.5483807207112728
0.25422693231972116
0.40031246584880376
0.8663398910607892
0.23828876353228212
0.9460654603012468
0.9344943466938628
0.26035280740314015
0.38313004606852263
0.5746642378328595
0.1374636279191821
0.2587927248812639
0.7630309657871169
0.7766577109610158
0.08697437262755192
0.2259465839479039
0.8793139045262992
0.32247614737054286
0.8075231851733593
0.5850540863973307
0.31679003046719034
0.8141479667202877
0.6010719525051639
0.38217258554611777
0.1314208088305976
0.9906622900900173
0.5255912449648998
0.7916018338501074
0.494823940031623
0.5239786645087249
0.44870060968074155
0.2550377232943922
0.22651383488882548
0.6272479324494606
0.6437218473800762
0.15072581693231968
0.7754304553994181
0.016534487361017702
0.46674949865733284
0.37423690434901946
0.6742243055283006
0.7683064447214749
0.25588293355124114
0.9790883176079737
0.4829303242770334
0.397187666428677
0.22755234718301676
0.07328692835331296
0.7630759261274194
0.041941213762925034
0.809911039825856
0.49697015249423004
0.6789341589379096
0.9923807552078396
0.5495545191988191
0.41667425252905566
0.40954582683584273
0.9158834087943571
0.45536694619613427
0.8633593101513212
0.6732990600533353
0.04940320264257547
0.4020837061998076
0.41417329947486436
0.3162686718021074
0.31136165303964636
0.006198287602129704
0.6720379274680354
0.09618170764924605
0.7575181895989263
0.20813105469696025
0.932491389393125
0.5057899846512023
0.055899806813429986
0.6471156470858702
0.4438242475206112
0.7225936754133732
0.6880956902907174
0.7990488706404485
0.9643965610063737
0.5462751710054851
0.39769950350284644
0.7625882660692377
0.9001254450489538
0.49086550316282274
0.0014081858994692276
0.525070851675161
0.16548459385277514
0.035580290433931294
0.05426304053410469
0.5173656746663581
0.052957865070465626
0.4064258573912076
0.01774513353047924
0.2755615766849733
0.8187414887709948
0.16009082765509086
0.5179136318488544
0.067431310247976
0.39659065763295487
0.2723015770979349
5.027146049509934E-4
0.41290103213324003
0.6370574137903117
0.3947349996664846
0.5908685122221737
0.5302947028400604
0.7359693467763311
0.43774547871115344
0.24890471996108232
0.8739107481938195
0.0638487969193603
0.6605773047334319
0.3725218030895958
0.09352813911192304
0.4370753390562917
0.006397605548255969
0.8480112224238557
0.942727748863202
0.9819444165871579
0.5063992000873292
0.17159296549111802
0.8904542717773876
0.13437776813868219
0.19538662426208564
0.6736709164681877
0.44903237495799064
0.990891999866452
0.13067269622275823
0.06579722080839423
0.5218908469346113
0.18053380747759962
0.7867772250800968
0.5000736788776312
0.39553640025514347
0.6628413952998797
0.31033316604757555
0.08169421938846766
0.35285882990358275
0.3734938252341815
0.862770056921265
0.3075595056947712
0.26863774554838504
0.43716074850258935
0.552758013592132
0.2173712408726992
0.9631601542409625
0.7461675954055375
0.2660604490787676
0.13833992488008995
0.5361477861951025
0.06394173991123386
0.037356852331260404
0.7806170200597338
0.38073123293025646
0.4538077083527656
0.47676183215504164
0.09778831564692292
0.08599783359861579
0.7565503054024073
0.1631799048804068
0.7652425491763828
0.9766788364066014
0.04426662566551154
0.8473005495214938
0.3489553158456724
0.6098307191449127
0.46337901090914135
0.7689507882096035
0.23820521115558868
0.15090415603918694
0.6462833511886557
0.38668811355050137
0.1979656664085091
0.18538399398351257
0.9189573154940187
0.34192958402337503
0.960192289321544
0.18722156087304398
0.8609564239189091
0.5355770092961128
0.6179524730620549
0.5615708296337409
0.38457593126042444
0.7820131258600764
0.7123201708282282
0.9068781866281898
0.3915588395184556
0.6235065245541792
0.8091855099907582
0.9001649167392436
0.23858176042964974
0.5374780076779841
0.051605684132205565
0.9993807529991526
0.6968517775167709
0.9497448058358736
0.6430494786032305
0.9779956332165349
0.8264993422938895
0.17877307411828336
0.467865418459371
0.1595357259011232
0.20305307622388558
0.6791332988103638
0.08752865981974012
0.10355971206518577
0.23113525311994276
0.7267674113023346
0.1646997859214524
0.40960897483659475
0.8596165352140994
0.9943398994104672
0.9618541785069358
0.25195573223950885
0.8728217269897859
0.3018602779783983
0.9372175773844074
0.2355114965141576
0.07397879951669695
0.19592707101459794
0.6179701322134821
0.17204741698018677
0.09995556067321698
0.9103589288199733
0.8691575715788494
0.41591722823343913
0.3104295849977069
0.6916410825354837
0.39647475067861493
0.4697624876887959
0.1799888014867388
0.43453085164731553
0.8220634626447002
0.6732190825835992
0.8882617084966123
0.06632873458767108
0.9546929798283301
0.9214326479617373
0.3510273035856223
0.1427366013422905
0.9391681217078195
0.5252298602687233
0.7643572409955993
0.6738878701253269
0.8145366045771486
0.5210817215380108
0.8441933759718336
0.28604934244619495
0.6366436141430042
0.9665338075290745
0.3353658972079626
0.4426575822369395
0.7278082370949475
0.015567481524439875
0.03690897274321836
0.5977675737833417
0.804873233990266
0.8583954824221258
0.5446318681045453
0.8356548848750045
0.7066054562201529
0.9314838742778176
0.14725544770094823
0.7622270949459807
0.19240177601310227
0.1561318528945278
0.829025589744445
0.15706367725091142
0.8164811341061409
0.3477297042988051
0.1295661971807538
0.16931853152115917
0.19522018020580112
0.3528541791502242
0.6908365133678289
0.6463823578911843
0.08001663066291409
0.9176501482409241
0.6814086230068819
0.521116814171216
0.5240409704041715
0.7684856106964497
0.9298830348409658
0.051636522582320765
0.08846354170361248
0.8946571569388945
0.5221112402454019
0.10702844416078006
0.47222073356544636
0.5629610431222433
0.8209961625013773
0.6230627818254167
0.16911074841315088
0.16523519551604804
0.3529927565365696
0.8138634247297027
0.7569855919851735
0.6025153065522418
0.7720327462170882
0.7186699457633053
0.20603272972002407
0.5432384624314512
0.1594487465171972
0.18723743013447391
0.15661645890922637
0.557965895554261
0.24757494356542942
0.46308408158797654
0.46187547540663887
0.8293858661631176
0.7650527704644817
0.11071109920813504
0.4162497541372657
0.8638968265334896
0.9934718726052417
0.15108326670791183
0.9983363266176639
0.38985995254200634
0.7978277320355907
0.9190720923164589
0.14495025831707586
0.4176492437959364
0.8473797322671605
0.33722878855225846
0.5429937016221459
0.2579162327965405
0.47884386974904436
0.012166701702867488
0.6767120581975898
0.1470258595028553
0.6704569433328598
0.8029986068408992
0.9001435177766206
0.01240881474969946
0.8932998699861873
0.28568688506785167
0.1180441348801553
0.8256145581261466
0.185369957728587
0.8428296131305025
0.253297813059553
0.9371389436906091
0.6542428330571148
0.9453192069015618
0.05479643557714731
0.7646383027805232
0.7557667882927624
0.5604746748289654
0.9570025643888487
0.2149324820225582
0.11908394518779797
0.520661803284493
0.640883211885479
0.26023675599882423
0.39237366087381753
0.11708112514820213
